version https://git-lfs.github.com/spec/v1
oid sha256:ae748014bb620f869f9f1254fd301d7c638f7a232e408f0eff6cdc29c2f634f1
size 645
